1549544978954632465
1549544978994632465
1549544979034632465
1549544979074632465
1549544979114632465
1549544979154632465
1549544979194632465
1549544979234632465
1549544979274632465
1549544979314632465
1549544979354632465
1549544979394632465
1549544979434632465
1549544979474632465
1549544979514632465
1549544979554632465
1549544979594632465
1549544979634632465
1549544979674632465
1549544979714632465
1549544979754632465
1549544979794632465
1549544979834632465
1549544979874632465
1549544979914632465
1549544979954632465
1549544979994632465
1549544980034632465
1549544980074632465
1549544980114632465
1549544980154632465
1549544980194632465
1549544980234632465
1549544980274632465
1549544980314632465
1549544980354632465
1549544980394632465
1549544980434632465
1549544980474632465
1549544980514632465
1549544980554632465
1549544980594632465
1549544980634632465
1549544980674632465
1549544980714632465
1549544980754632465
1549544980794632465
1549544980834632465
1549544980874632465
1549544980914632465
1549544980954632465
1549544980994632465
1549544981034632465
1549544981074632465
1549544981114632465
1549544981154632465
1549544981194632465
1549544981234632465
1549544981274632465
1549544981314632465
1549544981354632465
1549544981394632465
1549544981434632465
1549544981474632465
1549544981514632465
1549544981554632465
1549544981594632465
1549544981634632465
1549544981674632465
1549544981714632465
1549544981754632465
1549544981794632465
1549544981834632465
1549544981874632465
1549544981914632465
1549544981954632465
1549544981994632465
1549544982034632465
1549544982074632465
1549544982114632465
1549544982154632465
1549544982194632465
1549544982234632465
1549544982274632465
1549544982314632465
1549544982354632465
1549544982394632465
1549544982434632465
1549544982474632465
1549544982514632465
1549544982554632465
1549544982594632465
1549544982634632465
1549544982674632465
1549544982714632465
1549544982754632465
1549544982794632465
1549544982834632465
1549544982874632465
1549544982914632465
1549544982954632465
1549544982994632465
1549544983034632465
1549544983074632465
1549544983114632465
1549544983154632465
1549544983194632465
1549544983234632465
1549544983274632465
1549544983314632465
1549544983354632465
1549544983394632465
1549544983434632465
1549544983474632465
1549544983514632465
1549544983554632465
1549544983594632465
1549544983634632465
1549544983674632465
1549544983714632465
1549544983754632465
1549544983794632465
1549544983834632465
1549544983874632465
1549544983914632465
1549544983954632465
1549544983994632465
1549544984034632465
1549544984074632465
1549544984114632465
1549544984154632465
1549544984194632465
1549544984234632465
1549544984274632465
1549544984314632465
1549544984354632465
1549544984394632465
1549544984434632465
1549544984474632465
1549544984514632465
1549544984554632465
1549544984594632465
1549544984634632465
1549544984674632465
1549544984714632465
1549544984754632465
1549544984794632465
1549544984834632465
1549544984874632465
1549544984914632465
1549544984954632465
1549544984994632465
1549544985034632465
1549544985074632465
1549544985114632465
1549544985154632465
1549544985194632465
1549544985234632465
1549544985274632465
1549544985314632465
1549544985354632465
1549544985394632465
1549544985434632465
1549544985474632465
1549544985514632465
1549544985554632465
1549544985594632465
1549544985634632465
1549544985674632465
1549544985714632465
1549544985754632465
1549544985794632465
1549544985834632465
1549544985874632465
1549544985914632465
1549544985954632465
1549544985994632465
1549544986034632465
1549544986074632465
1549544986114632465
1549544986154632465
1549544986194632465
1549544986234632465
1549544986274632465
1549544986314632465
1549544986354632465
1549544986394632465
1549544986434632465
1549544986474632465
1549544986514632465
1549544986554632465
1549544986594632465
1549544986634632465
1549544986674632465
1549544986714632465
1549544986754632465
1549544986794632465
1549544986834632465
1549544986874632465
1549544986914632465
1549544986954632465
1549544986994632465
1549544987034632465
1549544987074632465
1549544987114632465
1549544987154632465
1549544987194632465
1549544987234632465
1549544987274632465
1549544987314632465
1549544987354632465
1549544987394632465
1549544987434632465
1549544987474632465
1549544987514632465
1549544987554632465
1549544987594632465
1549544987634632465
1549544987674632465
1549544987714632465
1549544987754632465
1549544987794632465
1549544987834632465
1549544987874632465
1549544987914632465
1549544987954632465
1549544987994632465
1549544988034632465
1549544988074632465
1549544988114632465
1549544988154632465
1549544988194632465
1549544988234632465
1549544988274632465
1549544988314632465
1549544988354632465
1549544988394632465
1549544988434632465
1549544988474632465
1549544988514632465
1549544988554632465
1549544988594632465
1549544988634632465
1549544988674632465
1549544988714632465
1549544988754632465
1549544988794632465
1549544988834632465
1549544988874632465
1549544988914632465
1549544988954632465
1549544988994632465
1549544989034632465
1549544989074632465
1549544989114632465
1549544989154632465
1549544989194632465
1549544989234632465
1549544989274632465
1549544989314632465
1549544989354632465
1549544989394632465
1549544989434632465
1549544989474632465
1549544989514632465
1549544989554632465
1549544989594632465
1549544989634632465
1549544989674632465
1549544989714632465
1549544989754632465
1549544989794632465
1549544989834632465
1549544989874632465
1549544989914632465
1549544989954632465
1549544989994632465
1549544990034632465
1549544990074632465
1549544990114632465
1549544990154632465
1549544990194632465
1549544990234632465
1549544990274632465
1549544990314632465
1549544990354632465
1549544990394632465
1549544990434632465
1549544990474632465
1549544990514632465
1549544990554632465
1549544990594632465
1549544990634632465
1549544990674632465
1549544990714632465
1549544990754632465
1549544990794632465
1549544990834632465
1549544990874632465
1549544990914632465
1549544990954632465
1549544990994632465
1549544991034632465
1549544991074632465
1549544991114632465
1549544991154632465
1549544991194632465
1549544991234632465
1549544991274632465
1549544991314632465
1549544991354632465
1549544991394632465
1549544991434632465
1549544991474632465
1549544991514632465
1549544991554632465
1549544991594632465
1549544991634632465
1549544991674632465
1549544991714632465
1549544991754632465
1549544991794632465
1549544991834632465
1549544991874632465
1549544991914632465
1549544991954632465
1549544991994632465
1549544992034632465
1549544992074632465
1549544992114632465
1549544992154632465
1549544992194632465
1549544992234632465
1549544992274632465
1549544992314632465
1549544992354632465
1549544992394632465
1549544992434632465
1549544992474632465
1549544992514632465
1549544992554632465
1549544992594632465
1549544992634632465
1549544992674632465
1549544992714632465
1549544992754632465
1549544992794632465
1549544992834632465
1549544992874632465
1549544992914632465
1549544992954632465
1549544992994632465
1549544993034632465
1549544993074632465
1549544993114632465
1549544993154632465
1549544993194632465
1549544993234632465
1549544993274632465
1549544993314632465
1549544993354632465
1549544993394632465
1549544993434632465
1549544993474632465
1549544993514632465
1549544993554632465
1549544993594632465
1549544993634632465
1549544993674632465
1549544993714632465
1549544993754632465
1549544993794632465
1549544993834632465
1549544993874632465
1549544993914632465
1549544993954632465
1549544993994632465
1549544994034632465
1549544994074632465
1549544994114632465
1549544994154632465
1549544994194632465
1549544994234632465
1549544994274632465
1549544994314632465
1549544994354632465
1549544994394632465
1549544994434632465
1549544994474632465
1549544994514632465
1549544994554632465
1549544994594632465
1549544994634632465
1549544994674632465
1549544994714632465
1549544994754632465
1549544994794632465
1549544994834632465
1549544994874632465
1549544994914632465
1549544994954632465
1549544994994632465
1549544995034632465
1549544995074632465
1549544995114632465
1549544995154632465
1549544995194632465
1549544995234632465
1549544995274632465
1549544995314632465
1549544995354632465
1549544995394632465
1549544995434632465
1549544995474632465
1549544995514632465
1549544995554632465
1549544995594632465
1549544995634632465
1549544995674632465
1549544995714632465
1549544995754632465
1549544995794632465
1549544995834632465
1549544995874632465
1549544995914632465
1549544995954632465
1549544995994632465
1549544996034632465
1549544996074632465
1549544996114632465
1549544996154632465
1549544996194632465
1549544996234632465
1549544996274632465
1549544996314632465
1549544996354632465
1549544996394632465
1549544996434632465
1549544996474632465
1549544996514632465
1549544996554632465
1549544996594632465
1549544996634632465
1549544996674632465
1549544996714632465
1549544996754632465
1549544996794632465
1549544996834632465
1549544996874632465
1549544996914632465
1549544996954632465
1549544996994632465
1549544997034632465
1549544997074632465
1549544997114632465
1549544997154632465
1549544997194632465
1549544997234632465
1549544997274632465
1549544997314632465
1549544997354632465
1549544997394632465
1549544997434632465
1549544997474632465
1549544997514632465
1549544997554632465
1549544997594632465
1549544997634632465
1549544997674632465
1549544997714632465
1549544997754632465
1549544997794632465
1549544997834632465
1549544997874632465
1549544997914632465
1549544997954632465
1549544997994632465
1549544998034632465
1549544998074632465
1549544998114632465
1549544998154632465
1549544998194632465
1549544998234632465
1549544998274632465
1549544998314632465
1549544998354632465
1549544998394632465
1549544998434632465
1549544998474632465
1549544998514632465
1549544998554632465
1549544998594632465
1549544998634632465
1549544998674632465
1549544998714632465
1549544998754632465
1549544998794632465
1549544998834632465
1549544998874632465
1549544998914632465
1549544998954632465
1549544998994632465
1549544999034632465
1549544999074632465
1549544999114632465
1549544999154632465
1549544999194632465
1549544999234632465
1549544999274632465
1549544999314632465
1549544999354632465
1549544999394632465
1549544999434632465
1549544999474632465
1549544999514632465
1549544999554632465
1549544999594632465
1549544999634632465
1549544999674632465
1549544999714632465
1549544999754632465
1549544999794632465
1549544999834632465
1549544999874632465
1549544999914632465
1549544999954632465
1549544999994632465
1549545000034632465
1549545000074632465
1549545000114632465
1549545000154632465
1549545000194632465
1549545000234632465
1549545000274632465
1549545000314632465
1549545000354632465
1549545000394632465
1549545000434632465
1549545000474632465
1549545000514632465
1549545000554632465
1549545000594632465
1549545000634632465
1549545000674632465
1549545000714632465
1549545000754632465
1549545000794632465
1549545000834632465
1549545000874632465
1549545000914632465
1549545000954632465
1549545000994632465
1549545001034632465
1549545001074632465
1549545001114632465
1549545001154632465
1549545001194632465
1549545001234632465
1549545001274632465
1549545001314632465
1549545001354632465
1549545001394632465
1549545001434632465
1549545001474632465
1549545001514632465
1549545001554632465
1549545001594632465
1549545001634632465
1549545001674632465
1549545001714632465
1549545001754632465
1549545001794632465
1549545001834632465
1549545001874632465
1549545001914632465
1549545001954632465
1549545001994632465
1549545002034632465
1549545002074632465
1549545002114632465
1549545002154632465
1549545002194632465
1549545002234632465
1549545002274632465
1549545002314632465
1549545002354632465
1549545002394632465
1549545002434632465
1549545002474632465
1549545002514632465
1549545002554632465
1549545002594632465
1549545002634632465
1549545002674632465
1549545002714632465
1549545002754632465
1549545002794632465
1549545002834632465
1549545002874632465
1549545002914632465
1549545002954632465
1549545002994632465
1549545003034632465
1549545003074632465
1549545003114632465
1549545003154632465
1549545003194632465
1549545003234632465
1549545003274632465
1549545003314632465
1549545003354632465
1549545003394632465
1549545003434632465
1549545003474632465
1549545003514632465
1549545003554632465
1549545003594632465
1549545003634632465
1549545003674632465
1549545003714632465
1549545003754632465
1549545003794632465
1549545003834632465
1549545003874632465
1549545003914632465
1549545003954632465
1549545003994632465
1549545004034632465
1549545004074632465
1549545004114632465
1549545004154632465
1549545004194632465
1549545004234632465
1549545004274632465
1549545004314632465
1549545004354632465
1549545004394632465
1549545004434632465
1549545004474632465
1549545004514632465
1549545004554632465
1549545004594632465
1549545004634632465
1549545004674632465
1549545004714632465
1549545004754632465
1549545004794632465
1549545004834632465
1549545004874632465
1549545004914632465
1549545004954632465
1549545004994632465
1549545005034632465
1549545005074632465
1549545005114632465
1549545005154632465
1549545005194632465
1549545005234632465
1549545005274632465
1549545005314632465
1549545005354632465
1549545005394632465
1549545005434632465
1549545005474632465
1549545005514632465
1549545005554632465
1549545005594632465
1549545005634632465
1549545005674632465
1549545005714632465
1549545005754632465
1549545005794632465
1549545005834632465
1549545005874632465
1549545005914632465
1549545005954632465
1549545005994632465
1549545006034632465
1549545006074632465
1549545006114632465
1549545006154632465
1549545006194632465
1549545006234632465
1549545006274632465
1549545006314632465
1549545006354632465
1549545006394632465
1549545006434632465
1549545006474632465
1549545006514632465
1549545006554632465
1549545006594632465
1549545006634632465
1549545006674632465
1549545006714632465
1549545006754632465
1549545006794632465
1549545006834632465
1549545006874632465
1549545006914632465
1549545006954632465
1549545006994632465
1549545007034632465
1549545007074632465
1549545007114632465
1549545007154632465
1549545007194632465
1549545007234632465
1549545007274632465
1549545007314632465
1549545007354632465
1549545007394632465
1549545007434632465
1549545007474632465
1549545007514632465
1549545007554632465
1549545007594632465
1549545007634632465
1549545007674632465
1549545007714632465
1549545007754632465
1549545007794632465
1549545007834632465
1549545007874632465
1549545007914632465
1549545007954632465
1549545007994632465
1549545008034632465
1549545008074632465
1549545008114632465
1549545008154632465
1549545008194632465
1549545008234632465
1549545008274632465
1549545008314632465
1549545008354632465
1549545008394632465
1549545008434632465
1549545008474632465
1549545008514632465
1549545008554632465
1549545008594632465
1549545008634632465
1549545008674632465
1549545008714632465
1549545008754632465
1549545008794632465
1549545008834632465
1549545008874632465
1549545008914632465
1549545008954632465
1549545008994632465
1549545009034632465
1549545009074632465
1549545009114632465
1549545009154632465
1549545009194632465
1549545009234632465
1549545009274632465
1549545009314632465
1549545009354632465
1549545009394632465
1549545009434632465
1549545009474632465
1549545009514632465
1549545009554632465
1549545009594632465
1549545009634632465
1549545009674632465
1549545009714632465
1549545009754632465
1549545009794632465
1549545009834632465
1549545009874632465
1549545009914632465
1549545009954632465
1549545009994632465
1549545010034632465
1549545010074632465
1549545010114632465
1549545010154632465
1549545010194632465
1549545010234632465
1549545010274632465
1549545010314632465
1549545010354632465
1549545010394632465
1549545010434632465
1549545010474632465
1549545010514632465
1549545010554632465
1549545010594632465
1549545010634632465
1549545010674632465
1549545010714632465
1549545010754632465
1549545010794632465
1549545010834632465
1549545010874632465
1549545010914632465
1549545010954632465
1549545010994632465
1549545011034632465
1549545011074632465
1549545011114632465
1549545011154632465
1549545011194632465
1549545011234632465
1549545011274632465
1549545011314632465
1549545011354632465
1549545011394632465
1549545011434632465
1549545011474632465
1549545011514632465
1549545011554632465
1549545011594632465
1549545011634632465
1549545011674632465
1549545011714632465
1549545011754632465
1549545011794632465
1549545011834632465
1549545011874632465
1549545011914632465
1549545011954632465
1549545011994632465
1549545012034632465
1549545012074632465
1549545012114632465
1549545012154632465
1549545012194632465
1549545012234632465
1549545012274632465
1549545012314632465
1549545012354632465
1549545012394632465
1549545012434632465
1549545012474632465
1549545012514632465
1549545012554632465
1549545012594632465
1549545012634632465
1549545012674632465
1549545012714632465
1549545012754632465
1549545012794632465
1549545012834632465
1549545012874632465
1549545012914632465
1549545012954632465
1549545012994632465
1549545013034632465
1549545013074632465
1549545013114632465
1549545013154632465
1549545013194632465
1549545013234632465
1549545013274632465
1549545013314632465
1549545013354632465
1549545013394632465
1549545013434632465
1549545013474632465
1549545013514632465
1549545013554632465
1549545013594632465
1549545013634632465
1549545013674632465
1549545013714632465
1549545013754632465
1549545013794632465
1549545013834632465
1549545013874632465
1549545013914632465
1549545013954632465
1549545013994632465
1549545014034632465
1549545014074632465
1549545014114632465
1549545014154632465
1549545014194632465
1549545014234632465
1549545014274632465
1549545014314632465
1549545014354632465
1549545014394632465
1549545014434632465
1549545014474632465
1549545014514632465
1549545014554632465
1549545014594632465
1549545014634632465
1549545014674632465
1549545014714632465
1549545014754632465
1549545014794632465
1549545014834632465
1549545014874632465
1549545014914632465
1549545014954632465
1549545014994632465
1549545015034632465
1549545015074632465
1549545015114632465
1549545015154632465
1549545015194632465
1549545015234632465
1549545015274632465
1549545015314632465
1549545015354632465
1549545015394632465
1549545015434632465
1549545015474632465
1549545015514632465
1549545015554632465
1549545015594632465
1549545015634632465
1549545015674632465
1549545015714632465
1549545015754632465
1549545015794632465
1549545015834632465
1549545015874632465
1549545015914632465
1549545015954632465
1549545015994632465
1549545016034632465
1549545016074632465
1549545016114632465
1549545016154632465
1549545016194632465
1549545016234632465
1549545016274632465
1549545016314632465
1549545016354632465
1549545016394632465
1549545016434632465
1549545016474632465
1549545016514632465
1549545016554632465
1549545016594632465
1549545016634632465
1549545016674632465
1549545016714632465
1549545016754632465
1549545016794632465
1549545016834632465
1549545016874632465
1549545016914632465
1549545016954632465
1549545016994632465
1549545017034632465
1549545017074632465
1549545017114632465
1549545017154632465
1549545017194632465
1549545017234632465
1549545017274632465
1549545017314632465
1549545017354632465
1549545017394632465
1549545017434632465
1549545017474632465
1549545017514632465
1549545017554632465
1549545017594632465
1549545017634632465
1549545017674632465
1549545017714632465
1549545017754632465
1549545017794632465
1549545017834632465
1549545017874632465
1549545017914632465
1549545017954632465
1549545017994632465
1549545018034632465
1549545018074632465
1549545018114632465
1549545018154632465
1549545018194632465
1549545018234632465
1549545018274632465
1549545018314632465
1549545018354632465
1549545018394632465
1549545018434632465
1549545018474632465
1549545018514632465
1549545018554632465
1549545018594632465
1549545018634632465
1549545018674632465
1549545018714632465
1549545018754632465
1549545018794632465
1549545018834632465
1549545018874632465
1549545018914632465
1549545018954632465
1549545018994632465
1549545019034632465
1549545019074632465
1549545019114632465
1549545019154632465
1549545019194632465
1549545019234632465
1549545019274632465
1549545019314632465
1549545019354632465
1549545019394632465
1549545019434632465
1549545019474632465
1549545019514632465
1549545019554632465
1549545019594632465
1549545019634632465
1549545019674632465
1549545019714632465
1549545019754632465
1549545019794632465
1549545019834632465
1549545019874632465
1549545019914632465
1549545019954632465
1549545019994632465
1549545020034632465
1549545020074632465
1549545020114632465
1549545020154632465
1549545020194632465
1549545020234632465
1549545020274632465
1549545020314632465
1549545020354632465
1549545020394632465
1549545020434632465
1549545020474632465
1549545020514632465
1549545020554632465
1549545020594632465
1549545020634632465
1549545020674632465
1549545020714632465
1549545020754632465
1549545020794632465
1549545020834632465
1549545020874632465
1549545020914632465
1549545020954632465
1549545020994632465
1549545021034632465
1549545021074632465
1549545021114632465
1549545021154632465
1549545021194632465
1549545021234632465
1549545021274632465
1549545021314632465
1549545021354632465
1549545021394632465
1549545021434632465
1549545021474632465
1549545021514632465
1549545021554632465
1549545021594632465
1549545021634632465
1549545021674632465
1549545021714632465
1549545021754632465
1549545021794632465
1549545021834632465
1549545021874632465
1549545021914632465
1549545021954632465
1549545021994632465
1549545022034632465
1549545022074632465
1549545022114632465
1549545022154632465
1549545022194632465
1549545022234632465
1549545022274632465
1549545022314632465
1549545022354632465
1549545022394632465
1549545022434632465
1549545022474632465
1549545022514632465
1549545022554632465
1549545022594632465
1549545022634632465
1549545022674632465
1549545022714632465
1549545022754632465
1549545022794632465
1549545022834632465
1549545022874632465
1549545022914632465
1549545022954632465
1549545022994632465
1549545023034632465
1549545023074632465
1549545023114632465
1549545023154632465
1549545023194632465
1549545023234632465
1549545023274632465
1549545023314632465
1549545023354632465
1549545023394632465
1549545023434632465
1549545023474632465
1549545023514632465
1549545023554632465
1549545023594632465
1549545023634632465
1549545023674632465
1549545023714632465
1549545023754632465
1549545023794632465
1549545023834632465
1549545023874632465
1549545023914632465
1549545023954632465
1549545023994632465
1549545024034632465
1549545024074632465
1549545024114632465
1549545024154632465
1549545024194632465
1549545024234632465
1549545024274632465
1549545024314632465
1549545024354632465
1549545024394632465
1549545024434632465
1549545024474632465
1549545024514632465
1549545024554632465
1549545024594632465
1549545024634632465
1549545024674632465
1549545024714632465
1549545024754632465
1549545024794632465
1549545024834632465
1549545024874632465
1549545024914632465
1549545024954632465
1549545024994632465
1549545025034632465
1549545025074632465
1549545025114632465
1549545025154632465
1549545025194632465
1549545025234632465
1549545025274632465
1549545025314632465
1549545025354632465
1549545025394632465
1549545025434632465
1549545025474632465
1549545025514632465
1549545025554632465
1549545025594632465
1549545025634632465
1549545025674632465
1549545025714632465
1549545025754632465
1549545025794632465
1549545025834632465
1549545025874632465
1549545025914632465
1549545025954632465
1549545025994632465
1549545026034632465
1549545026074632465
1549545026114632465
1549545026154632465
1549545026194632465
1549545026234632465
1549545026274632465
1549545026314632465
1549545026354632465
1549545026394632465
1549545026434632465
1549545026474632465
1549545026514632465
1549545026554632465
1549545026594632465
1549545026634632465
1549545026674632465
1549545026714632465
1549545026754632465
1549545026794632465
1549545026834632465
1549545026874632465
1549545026914632465
1549545026954632465
1549545026994632465
1549545027034632465
1549545027074632465
1549545027114632465
1549545027154632465
1549545027194632465
1549545027234632465
1549545027274632465
1549545027314632465
1549545027354632465
1549545027394632465
1549545027434632465
1549545027474632465
1549545027514632465
1549545027554632465
1549545027594632465
1549545027634632465
1549545027674632465
1549545027714632465
1549545027754632465
1549545027794632465
1549545027834632465
1549545027874632465
1549545027914632465
1549545027954632465
1549545027994632465
1549545028034632465
1549545028074632465
1549545028114632465
1549545028154632465
1549545028194632465
1549545028234632465
1549545028274632465
1549545028314632465
1549545028354632465
1549545028394632465
1549545028434632465
1549545028474632465
1549545028514632465
1549545028554632465
1549545028594632465
1549545028634632465
1549545028674632465
1549545028714632465
1549545028754632465
1549545028794632465
1549545028834632465
1549545028874632465
1549545028914632465
1549545028954632465
1549545028994632465
1549545029034632465
1549545029074632465
1549545029114632465
1549545029154632465
1549545029194632465
1549545029234632465
1549545029274632465
1549545029314632465
1549545029354632465
1549545029394632465
1549545029434632465
1549545029474632465
1549545029514632465
1549545029554632465
1549545029594632465
1549545029634632465
1549545029674632465
1549545029714632465
1549545029754632465
1549545029794632465
1549545029834632465
1549545029874632465
1549545029914632465
1549545029954632465
1549545029994632465
1549545030034632465
1549545030074632465
1549545030114632465
1549545030154632465
1549545030194632465
1549545030234632465
1549545030274632465
1549545030314632465
1549545030354632465
1549545030394632465
1549545030434632465
1549545030474632465
1549545030514632465
1549545030554632465
1549545030594632465
1549545030634632465
1549545030674632465
1549545030714632465
1549545030754632465
1549545030794632465
1549545030834632465
1549545030874632465
1549545030914632465
1549545030954632465
1549545030994632465
1549545031034632465
1549545031074632465
1549545031114632465
1549545031154632465
1549545031194632465
1549545031234632465
1549545031274632465
1549545031314632465
1549545031354632465
1549545031394632465
1549545031434632465
1549545031474632465
1549545031514632465
1549545031554632465
1549545031594632465
1549545031634632465
1549545031674632465
1549545031714632465
1549545031754632465
1549545031794632465
1549545031834632465
1549545031874632465
1549545031914632465
1549545031954632465
1549545031994632465
1549545032034632465
1549545032074632465
1549545032114632465
1549545032154632465
1549545032194632465
1549545032234632465
1549545032274632465
1549545032314632465
1549545032354632465
1549545032394632465
1549545032434632465
1549545032474632465
1549545032514632465
1549545032554632465
1549545032594632465
1549545032634632465
1549545032674632465
1549545032714632465
1549545032754632465
1549545032794632465
1549545032834632465
1549545032874632465
1549545032914632465
1549545032954632465
1549545032994632465
1549545033034632465
1549545033074632465
1549545033114632465
1549545033154632465
1549545033194632465
1549545033234632465
1549545033274632465
1549545033314632465
1549545033354632465
1549545033394632465
1549545033434632465
1549545033474632465
1549545033514632465
1549545033554632465
1549545033594632465
1549545033634632465
1549545033674632465
1549545033714632465
1549545033754632465
1549545033794632465
1549545033834632465
1549545033874632465
1549545033914632465
1549545033954632465
1549545033994632465
1549545034034632465
1549545034074632465
1549545034114632465
1549545034154632465
1549545034194632465
1549545034234632465
1549545034274632465
1549545034314632465
1549545034354632465
1549545034394632465
1549545034434632465
1549545034474632465
1549545034514632465
1549545034554632465
1549545034594632465
1549545034634632465
1549545034674632465
1549545034714632465
1549545034754632465
1549545034794632465
1549545034834632465
1549545034874632465
1549545034914632465
1549545034954632465
1549545034994632465
1549545035034632465
1549545035074632465
1549545035114632465
1549545035154632465
1549545035194632465
1549545035234632465
1549545035274632465
1549545035314632465
1549545035354632465
1549545035394632465
1549545035434632465
1549545035474632465
1549545035514632465
1549545035554632465
1549545035594632465
1549545035634632465
1549545035674632465
1549545035714632465
1549545035754632465
1549545035794632465
1549545035834632465
1549545035874632465
1549545035914632465
1549545035954632465
1549545035994632465
1549545036034632465
1549545036074632465
1549545036114632465
1549545036154632465
1549545036194632465
1549545036234632465
1549545036274632465
1549545036314632465
1549545036354632465
1549545036394632465
1549545036434632465
1549545036474632465
1549545036514632465
1549545036554632465
1549545036594632465
1549545036634632465
1549545036674632465
1549545036714632465
1549545036754632465
1549545036794632465
1549545036834632465
1549545036874632465
1549545036914632465
1549545036954632465
1549545036994632465
1549545037034632465
1549545037074632465
1549545037114632465
1549545037154632465
1549545037194632465
1549545037234632465
1549545037274632465
1549545037314632465
1549545037354632465
1549545037394632465
1549545037434632465
1549545037474632465
1549545037514632465
1549545037554632465
1549545037594632465
1549545037634632465
1549545037674632465
1549545037714632465
1549545037754632465
1549545037794632465
1549545037834632465
1549545037874632465
1549545037914632465
1549545037954632465
1549545037994632465
1549545038034632465
1549545038074632465
1549545038114632465
1549545038154632465
1549545038194632465
1549545038234632465
1549545038274632465
1549545038314632465
1549545038354632465
1549545038394632465
1549545038434632465
1549545038474632465
1549545038514632465
1549545038554632465
1549545038594632465
1549545038634632465
1549545038674632465
1549545038714632465
1549545038754632465
1549545038794632465
1549545038834632465
1549545038874632465
1549545038914632465
1549545038954632465
1549545038994632465
1549545039034632465
1549545039074632465
1549545039114632465
1549545039154632465
1549545039194632465
1549545039234632465
1549545039274632465
1549545039314632465
1549545039354632465
1549545039394632465
1549545039434632465
1549545039474632465
1549545039514632465
1549545039554632465
1549545039594632465
1549545039634632465
1549545039674632465
1549545039714632465
1549545039754632465
1549545039794632465
1549545039834632465
1549545039874632465
1549545039914632465
1549545039954632465
1549545039994632465
1549545040034632465
1549545040074632465
1549545040114632465
1549545040154632465
1549545040194632465
1549545040234632465
1549545040274632465
1549545040314632465
1549545040354632465
1549545040394632465
1549545040434632465
1549545040474632465
1549545040514632465
1549545040554632465
1549545040594632465
1549545040634632465
1549545040674632465
1549545040714632465
1549545040754632465
1549545040794632465
1549545040834632465
1549545040874632465
1549545040914632465
1549545040954632465
1549545040994632465
1549545041034632465
1549545041074632465
1549545041114632465
1549545041154632465
1549545041194632465
1549545041234632465
1549545041274632465
1549545041314632465
1549545041354632465
1549545041394632465
1549545041434632465
1549545041474632465
1549545041514632465
1549545041554632465
1549545041594632465
1549545041634632465
1549545041674632465
1549545041714632465
1549545041754632465
1549545041794632465
1549545041834632465
1549545041874632465
1549545041914632465
1549545041954632465
1549545041994632465
1549545042034632465
1549545042074632465
1549545042114632465
1549545042154632465
1549545042194632465
1549545042234632465
1549545042274632465
1549545042314632465
1549545042354632465
1549545042394632465
1549545042434632465
1549545042474632465
1549545042514632465
1549545042554632465
1549545042594632465
1549545042634632465
1549545042674632465
1549545042714632465
1549545042754632465
1549545042794632465
1549545042834632465
1549545042874632465
1549545042914632465
1549545042954632465
1549545042994632465
1549545043034632465
1549545043074632465
1549545043114632465
1549545043154632465
1549545043194632465
1549545043234632465
1549545043274632465
1549545043314632465
1549545043354632465
1549545043394632465
1549545043434632465
1549545043474632465
1549545043514632465
1549545043554632465
1549545043594632465
1549545043634632465
1549545043674632465
1549545043714632465
1549545043754632465
1549545043794632465
1549545043834632465
1549545043874632465
1549545043914632465
1549545043954632465
1549545043994632465
1549545044034632465
1549545044074632465
1549545044114632465
1549545044154632465
1549545044194632465
1549545044234632465
1549545044274632465
1549545044314632465
1549545044354632465
1549545044394632465
1549545044434632465
1549545044474632465
1549545044514632465
1549545044554632465
1549545044594632465
1549545044634632465
1549545044674632465
1549545044714632465
1549545044754632465
1549545044794632465
1549545044834632465
1549545044874632465
1549545044914632465
1549545044954632465
1549545044994632465
1549545045034632465
1549545045074632465
1549545045114632465
1549545045154632465
1549545045194632465
1549545045234632465
1549545045274632465
1549545045314632465
1549545045354632465
1549545045394632465
1549545045434632465
1549545045474632465
1549545045514632465
1549545045554632465
1549545045594632465
1549545045634632465
1549545045674632465
1549545045714632465
1549545045754632465
1549545045794632465
1549545045834632465
1549545045874632465
1549545045914632465
1549545045954632465
1549545045994632465
1549545046034632465
1549545046074632465
1549545046114632465
1549545046154632465
1549545046194632465
1549545046234632465
1549545046274632465
1549545046314632465
1549545046354632465
1549545046394632465
1549545046434632465
1549545046474632465
1549545046514632465
1549545046554632465
1549545046594632465
1549545046634632465
1549545046674632465
1549545046714632465
1549545046754632465
1549545046794632465
1549545046834632465
1549545046874632465
1549545046914632465
1549545046954632465
1549545046994632465
1549545047034632465
1549545047074632465
1549545047114632465
1549545047154632465
1549545047194632465
1549545047234632465
1549545047274632465
1549545047314632465
1549545047354632465
1549545047394632465
1549545047434632465
1549545047474632465
1549545047514632465
1549545047554632465
1549545047594632465
1549545047634632465
1549545047674632465
1549545047714632465
1549545047754632465
1549545047794632465
1549545047834632465
1549545047874632465
1549545047914632465
1549545047954632465
1549545047994632465
1549545048034632465
1549545048074632465
1549545048114632465
1549545048154632465
1549545048194632465
1549545048234632465
1549545048274632465
1549545048314632465
1549545048354632465
1549545048394632465
1549545048434632465
1549545048474632465
1549545048514632465
1549545048554632465
1549545048594632465
1549545048634632465
1549545048674632465
1549545048714632465
1549545048754632465
1549545048794632465
1549545048834632465
1549545048874632465
1549545048914632465
1549545048954632465
1549545048994632465
1549545049034632465
1549545049074632465
1549545049114632465
1549545049154632465
1549545049194632465
1549545049234632465
1549545049274632465
1549545049314632465
1549545049354632465
1549545049394632465
1549545049434632465
1549545049474632465
1549545049514632465
1549545049554632465
1549545049594632465
1549545049634632465
1549545049674632465
1549545049714632465
1549545049754632465
1549545049794632465
1549545049834632465
1549545049874632465
1549545049914632465
1549545049954632465
1549545049994632465
1549545050034632465
1549545050074632465
1549545050114632465
1549545050154632465
1549545050194632465
1549545050234632465
1549545050274632465
1549545050314632465
1549545050354632465
1549545050394632465
1549545050434632465
1549545050474632465
1549545050514632465
1549545050554632465
1549545050594632465
1549545050634632465
1549545050674632465
1549545050714632465
1549545050754632465
1549545050794632465
1549545050834632465
1549545050874632465
1549545050914632465
1549545050954632465
1549545050994632465
1549545051034632465
1549545051074632465
1549545051114632465
1549545051154632465
1549545051194632465
1549545051234632465
1549545051274632465
1549545051314632465
1549545051354632465
1549545051394632465
1549545051434632465
1549545051474632465
1549545051514632465
1549545051554632465
1549545051594632465
1549545051634632465
1549545051674632465
1549545051714632465
1549545051754632465
1549545051794632465
1549545051834632465
1549545051874632465
1549545051914632465
1549545051954632465
1549545051994632465
1549545052034632465
1549545052074632465
1549545052114632465
1549545052154632465
1549545052194632465
1549545052234632465
1549545052274632465
1549545052314632465
1549545052354632465
1549545052394632465
1549545052434632465
1549545052474632465
1549545052514632465
1549545052554632465
1549545052594632465
1549545052634632465
1549545052674632465
1549545052714632465
1549545052754632465
1549545052794632465
1549545052834632465
1549545052874632465
1549545052914632465
1549545052954632465
1549545052994632465
1549545053034632465
1549545053074632465
1549545053114632465
1549545053154632465
1549545053194632465
1549545053234632465
1549545053274632465
1549545053314632465
1549545053354632465
1549545053394632465
1549545053434632465
1549545053474632465
1549545053514632465
1549545053554632465
1549545053594632465
1549545053634632465
1549545053674632465
1549545053714632465
1549545053754632465
1549545053794632465
1549545053834632465
1549545053874632465
1549545053914632465
1549545053954632465
1549545053994632465
1549545054034632465
1549545054074632465
1549545054114632465
1549545054154632465
1549545054194632465
1549545054234632465
1549545054274632465
1549545054314632465
1549545054354632465
1549545054394632465
1549545054434632465
1549545054474632465
1549545054514632465
1549545054554632465
1549545054594632465
1549545054634632465
1549545054674632465
1549545054714632465
1549545054754632465
1549545054794632465
1549545054834632465
1549545054874632465
1549545054914632465
1549545054954632465
1549545054994632465
1549545055034632465
1549545055074632465
1549545055114632465
1549545055154632465
1549545055194632465
1549545055234632465
1549545055274632465
1549545055314632465
1549545055354632465
1549545055394632465
1549545055434632465
1549545055474632465
1549545055514632465
1549545055554632465
1549545055594632465
1549545055634632465
1549545055674632465
1549545055714632465
1549545055754632465
1549545055794632465
1549545055834632465
1549545055874632465
1549545055914632465
1549545055954632465
1549545055994632465
1549545056034632465
1549545056074632465
1549545056114632465
1549545056154632465
1549545056194632465
1549545056234632465
1549545056274632465
1549545056314632465
1549545056354632465
1549545056394632465
1549545056434632465
1549545056474632465
1549545056514632465
1549545056554632465
1549545056594632465
1549545056634632465
1549545056674632465
1549545056714632465
1549545056754632465
1549545056794632465
1549545056834632465
1549545056874632465
1549545056914632465
1549545056954632465
1549545056994632465
1549545057034632465
1549545057074632465
1549545057114632465
1549545057154632465
1549545057194632465
1549545057234632465
1549545057274632465
1549545057314632465
1549545057354632465
1549545057394632465
1549545057434632465
1549545057474632465
1549545057514632465
1549545057554632465
1549545057594632465
1549545057634632465
1549545057674632465
1549545057714632465
1549545057754632465
1549545057794632465
1549545057834632465
1549545057874632465
1549545057914632465
1549545057954632465
1549545057994632465
1549545058034632465
1549545058074632465
1549545058114632465
1549545058154632465
1549545058194632465
1549545058234632465
1549545058274632465
1549545058314632465
1549545058354632465
1549545058394632465
1549545058434632465
1549545058474632465
1549545058514632465
1549545058554632465
1549545058594632465
1549545058634632465
1549545058674632465
1549545058714632465
1549545058754632465
1549545058794632465
1549545058834632465
1549545058874632465
1549545058914632465
1549545058954632465
1549545058994632465
1549545059034632465
1549545059074632465
1549545059114632465
1549545059154632465
1549545059194632465
1549545059234632465
1549545059274632465
1549545059314632465
1549545059354632465
1549545059394632465
1549545059434632465
1549545059474632465
1549545059514632465
1549545059554632465
1549545059594632465
1549545059634632465
1549545059674632465
1549545059714632465
1549545059754632465
1549545059794632465
1549545059834632465
1549545059874632465
1549545059914632465
1549545059954632465
1549545059994632465
1549545060034632465
1549545060074632465
1549545060114632465
1549545060154632465
1549545060194632465
1549545060234632465
1549545060274632465
1549545060314632465
1549545060354632465
1549545060394632465
1549545060434632465
1549545060474632465
1549545060514632465
1549545060554632465
1549545060594632465
1549545060634632465
1549545060674632465
1549545060714632465
1549545060754632465
1549545060794632465
1549545060834632465
1549545060874632465
1549545060914632465
1549545060954632465
1549545060994632465
1549545061034632465
1549545061074632465
1549545061114632465
1549545061154632465
1549545061194632465
1549545061234632465
1549545061274632465
1549545061314632465
1549545061354632465
1549545061394632465
1549545061434632465
1549545061474632465
1549545061514632465
1549545061554632465
1549545061594632465
1549545061634632465
1549545061674632465
1549545061714632465
1549545061754632465
1549545061794632465
1549545061834632465
1549545061874632465
1549545061914632465
1549545061954632465
1549545061994632465
1549545062034632465
1549545062074632465
1549545062114632465
1549545062154632465
1549545062194632465
1549545062234632465
1549545062274632465
1549545062314632465
1549545062354632465
1549545062394632465
1549545062434632465
1549545062474632465
1549545062514632465
1549545062554632465
1549545062594632465
1549545062634632465
1549545062674632465
1549545062714632465
1549545062754632465
1549545062794632465
1549545062834632465
1549545062874632465
1549545062914632465
1549545062954632465
1549545062994632465
1549545063034632465
1549545063074632465
1549545063114632465
1549545063154632465
1549545063194632465
1549545063234632465
1549545063274632465
1549545063314632465
1549545063354632465
1549545063394632465
1549545063434632465
1549545063474632465
1549545063514632465
1549545063554632465
1549545063594632465
1549545063634632465
1549545063674632465
1549545063714632465
1549545063754632465
1549545063794632465
1549545063834632465
1549545063874632465
1549545063914632465
1549545063954632465
1549545063994632465
1549545064034632465
1549545064074632465
1549545064114632465
1549545064154632465
1549545064194632465
1549545064234632465
1549545064274632465
1549545064314632465
1549545064354632465
1549545064394632465
1549545064434632465
1549545064474632465
1549545064514632465
1549545064554632465
1549545064594632465
1549545064634632465
1549545064674632465
1549545064714632465
1549545064754632465
1549545064794632465
1549545064834632465
1549545064874632465
1549545064914632465
1549545064954632465
1549545064994632465
1549545065034632465
1549545065074632465
1549545065114632465
1549545065154632465
1549545065194632465
1549545065234632465
1549545065274632465
1549545065314632465
1549545065354632465
1549545065394632465
1549545065434632465
1549545065474632465
1549545065514632465
1549545065554632465
1549545065594632465
1549545065634632465
1549545065674632465
1549545065714632465
1549545065754632465
1549545065794632465
1549545065834632465
1549545065874632465
1549545065914632465
1549545065954632465
1549545065994632465
1549545066034632465
1549545066074632465
1549545066114632465
1549545066154632465
1549545066194632465
1549545066234632465
1549545066274632465
1549545066314632465
1549545066354632465
1549545066394632465
1549545066434632465
1549545066474632465
1549545066514632465
1549545066554632465
1549545066594632465
1549545066634632465
1549545066674632465
1549545066714632465
1549545066754632465
1549545066794632465
1549545066834632465
1549545066874632465
1549545066914632465
1549545066954632465
1549545066994632465
1549545067034632465
1549545067074632465
1549545067114632465
1549545067154632465
1549545067194632465
1549545067234632465
1549545067274632465
1549545067314632465
1549545067354632465
1549545067394632465
1549545067434632465
1549545067474632465
1549545067514632465
1549545067554632465
1549545067594632465
1549545067634632465
1549545067674632465
1549545067714632465
1549545067754632465
1549545067794632465
1549545067834632465
1549545067874632465
1549545067914632465
1549545067954632465
1549545067994632465
1549545068034632465
1549545068074632465
1549545068114632465
1549545068154632465
1549545068194632465
1549545068234632465
1549545068274632465
1549545068314632465
1549545068354632465
1549545068394632465
1549545068434632465
1549545068474632465
1549545068514632465
1549545068554632465
1549545068594632465
1549545068634632465
1549545068674632465
1549545068714632465
1549545068754632465
1549545068794632465
1549545068834632465
1549545068874632465
1549545068914632465
1549545068954632465
1549545068994632465
1549545069034632465
1549545069074632465
1549545069114632465
1549545069154632465
1549545069194632465
1549545069234632465
1549545069274632465
1549545069314632465
1549545069354632465
1549545069394632465
1549545069434632465
1549545069474632465
1549545069514632465
1549545069554632465
1549545069594632465
1549545069634632465
1549545069674632465
1549545069714632465
1549545069754632465
1549545069794632465
1549545069834632465
1549545069874632465
1549545069914632465
1549545069954632465
1549545069994632465
1549545070034632465
1549545070074632465
1549545070114632465
1549545070154632465
1549545070194632465
1549545070234632465
1549545070274632465
1549545070314632465
1549545070354632465
1549545070394632465
1549545070434632465
1549545070474632465
1549545070514632465
1549545070554632465
1549545070594632465
1549545070634632465
1549545070674632465
1549545070714632465
1549545070754632465
1549545070794632465
1549545070834632465
1549545070874632465
1549545070914632465
1549545070954632465
1549545070994632465
1549545071034632465
1549545071074632465
1549545071114632465
1549545071154632465
1549545071194632465
1549545071234632465
1549545071274632465
1549545071314632465
1549545071354632465
1549545071394632465
1549545071434632465
1549545071474632465
1549545071514632465
1549545071554632465
1549545071594632465
1549545071634632465
1549545071674632465
1549545071714632465
1549545071754632465
1549545071794632465
1549545071834632465
1549545071874632465
1549545071914632465
1549545071954632465
1549545071994632465
1549545072034632465
1549545072074632465
1549545072114632465
1549545072154632465
1549545072194632465
1549545072234632465
1549545072274632465
1549545072314632465
1549545072354632465
1549545072394632465
1549545072434632465
1549545072474632465
1549545072514632465
1549545072554632465
1549545072594632465
1549545072634632465
1549545072674632465
1549545072714632465
1549545072754632465
1549545072794632465
1549545072834632465
1549545072874632465
1549545072914632465
1549545072954632465
1549545072994632465
1549545073034632465
1549545073074632465
1549545073114632465
1549545073154632465
1549545073194632465
1549545073234632465
1549545073274632465
1549545073314632465
1549545073354632465
1549545073394632465
1549545073434632465
1549545073474632465
1549545073514632465
1549545073554632465
1549545073594632465
1549545073634632465
1549545073674632465
1549545073714632465
1549545073754632465
1549545073794632465
1549545073834632465
1549545073874632465
1549545073914632465
1549545073954632465
1549545073994632465
1549545074034632465
1549545074074632465
1549545074114632465
1549545074154632465
1549545074194632465
1549545074234632465
1549545074274632465
1549545074314632465
1549545074354632465
1549545074394632465
1549545074434632465
1549545074474632465
1549545074514632465
1549545074554632465
1549545074594632465
1549545074634632465
1549545074674632465
1549545074714632465
1549545074754632465
1549545074794632465
1549545074834632465
1549545074874632465
1549545074914632465
1549545074954632465
1549545074994632465
1549545075034632465
1549545075074632465
1549545075114632465
1549545075154632465
1549545075194632465
1549545075234632465
1549545075274632465
1549545075314632465
1549545075354632465
1549545075394632465
1549545075434632465
1549545075474632465
1549545075514632465
1549545075554632465
1549545075594632465
1549545075634632465
1549545075674632465
1549545075714632465
1549545075754632465
1549545075794632465
1549545075834632465
1549545075874632465
1549545075914632465
1549545075954632465
1549545075994632465
1549545076034632465
1549545076074632465
1549545076114632465
1549545076154632465
1549545076194632465
1549545076234632465
1549545076274632465
1549545076314632465
1549545076354632465
1549545076394632465
1549545076434632465
1549545076474632465
1549545076514632465
1549545076554632465
1549545076594632465
1549545076634632465
1549545076674632465
1549545076714632465
1549545076754632465
1549545076794632465
1549545076834632465
1549545076874632465
1549545076914632465
1549545076954632465
1549545076994632465
1549545077034632465
1549545077074632465
1549545077114632465
1549545077154632465
1549545077194632465
1549545077234632465
1549545077274632465
1549545077314632465
1549545077354632465
1549545077394632465
1549545077434632465
1549545077474632465
1549545077514632465
1549545077554632465
1549545077594632465
1549545077634632465
1549545077674632465
1549545077714632465
1549545077754632465
1549545077794632465
1549545077834632465
1549545077874632465
1549545077914632465
1549545077954632465
1549545077994632465
1549545078034632465
1549545078074632465
1549545078114632465
1549545078154632465
1549545078194632465
1549545078234632465
1549545078274632465
1549545078314632465
1549545078354632465
1549545078394632465
1549545078434632465
1549545078474632465
1549545078514632465
1549545078554632465
1549545078594632465
1549545078634632465
1549545078674632465
1549545078714632465
1549545078754632465
1549545078794632465
1549545078834632465
1549545078874632465
1549545078914632465
1549545078954632465
1549545078994632465
1549545079034632465
1549545079074632465
1549545079114632465
1549545079154632465
1549545079194632465
1549545079234632465
1549545079274632465
1549545079314632465
1549545079354632465
1549545079394632465
1549545079434632465
1549545079474632465
1549545079514632465
1549545079554632465
1549545079594632465
1549545079634632465
1549545079674632465
1549545079714632465
1549545079754632465
1549545079794632465
1549545079834632465
1549545079874632465
1549545079914632465
1549545079954632465
1549545079994632465
1549545080034632465
1549545080074632465
1549545080114632465
1549545080154632465
1549545080194632465
1549545080234632465
1549545080274632465
1549545080314632465
1549545080354632465
1549545080394632465
1549545080434632465
1549545080474632465
1549545080514632465
1549545080554632465
1549545080594632465
1549545080634632465
1549545080674632465
1549545080714632465
1549545080754632465
1549545080794632465
1549545080834632465
1549545080874632465
1549545080914632465
1549545080954632465
1549545080994632465
1549545081034632465
1549545081074632465
1549545081114632465
1549545081154632465
1549545081194632465
1549545081234632465
1549545081274632465
1549545081314632465
1549545081354632465
1549545081394632465
1549545081434632465
1549545081474632465
1549545081514632465
1549545081554632465
1549545081594632465
1549545081634632465
1549545081674632465
1549545081714632465
1549545081754632465
1549545081794632465
1549545081834632465
1549545081874632465
1549545081914632465
1549545081954632465
1549545081994632465
1549545082034632465
1549545082074632465
1549545082114632465
1549545082154632465
1549545082194632465
1549545082234632465
1549545082274632465
1549545082314632465
1549545082354632465
1549545082394632465
1549545082434632465
1549545082474632465
1549545082514632465
1549545082554632465
1549545082594632465
1549545082634632465
1549545082674632465
1549545082714632465
1549545082754632465
1549545082794632465
1549545082834632465
1549545082874632465
1549545082914632465
1549545082954632465
1549545082994632465
1549545083034632465
1549545083074632465
1549545083114632465
1549545083154632465
1549545083194632465
1549545083234632465
1549545083274632465
1549545083314632465
1549545083354632465
1549545083394632465
1549545083434632465
1549545083474632465
1549545083514632465
1549545083554632465
1549545083594632465
1549545083634632465
1549545083674632465
1549545083714632465
1549545083754632465
1549545083794632465
1549545083834632465
1549545083874632465
1549545083914632465
1549545083954632465
1549545083994632465
1549545084034632465
1549545084074632465
1549545084114632465
1549545084154632465
1549545084194632465
1549545084234632465
1549545084274632465
1549545084314632465
1549545084354632465
1549545084394632465
1549545084434632465
1549545084474632465
1549545084514632465
1549545084554632465
1549545084594632465
1549545084634632465
1549545084674632465
1549545084714632465
1549545084754632465
1549545084794632465
1549545084834632465
1549545084874632465
1549545084914632465
1549545084954632465
1549545084994632465
1549545085034632465
1549545085074632465
1549545085114632465
1549545085154632465
1549545085194632465
1549545085234632465
1549545085274632465
1549545085314632465
1549545085354632465
1549545085394632465
1549545085434632465
1549545085474632465
1549545085514632465
1549545085554632465
1549545085594632465
1549545085634632465
1549545085674632465
1549545085714632465
1549545085754632465
1549545085794632465
1549545085834632465
1549545085874632465
1549545085914632465
1549545085954632465
1549545085994632465
1549545086034632465
1549545086074632465
1549545086114632465
1549545086154632465
1549545086194632465
1549545086234632465
1549545086274632465
1549545086314632465
1549545086354632465
1549545086394632465
1549545086434632465
1549545086474632465
1549545086514632465
1549545086554632465
1549545086594632465
1549545086634632465
1549545086674632465
1549545086714632465
1549545086754632465
1549545086794632465
1549545086834632465
1549545086874632465
1549545086914632465
1549545086954632465
1549545086994632465
1549545087034632465
1549545087074632465
1549545087114632465
1549545087154632465
1549545087194632465
1549545087234632465
1549545087274632465
1549545087314632465
1549545087354632465
1549545087394632465
1549545087434632465
1549545087474632465
1549545087514632465
1549545087554632465
1549545087594632465
1549545087634632465
1549545087674632465
1549545087714632465
1549545087754632465
1549545087794632465
1549545087834632465
1549545087874632465
1549545087914632465
1549545087954632465
1549545087994632465
1549545088034632465
1549545088074632465
1549545088114632465
1549545088154632465
1549545088194632465
1549545088234632465
1549545088274632465
1549545088314632465
1549545088354632465
1549545088394632465
1549545088434632465
1549545088474632465
1549545088514632465
1549545088554632465
1549545088594632465
1549545088634632465
1549545088674632465
1549545088714632465
1549545088754632465
1549545088794632465
1549545088834632465
1549545088874632465
1549545088914632465
1549545088954632465
1549545088994632465
1549545089034632465
1549545089074632465
1549545089114632465
1549545089154632465
1549545089194632465
1549545089234632465
1549545089274632465
1549545089314632465
1549545089354632465
1549545089394632465
1549545089434632465
1549545089474632465
1549545089514632465
1549545089554632465
1549545089594632465
1549545089634632465
1549545089674632465
1549545089714632465
1549545089754632465
1549545089794632465
1549545089834632465
1549545089874632465
1549545089914632465
1549545089954632465
1549545089994632465
1549545090034632465
1549545090074632465
1549545090114632465
1549545090154632465
1549545090194632465
1549545090234632465
1549545090274632465
1549545090314632465
1549545090354632465
1549545090394632465
1549545090434632465
1549545090474632465
1549545090514632465
1549545090554632465
1549545090594632465
1549545090634632465
1549545090674632465
1549545090714632465
1549545090754632465
1549545090794632465
1549545090834632465
1549545090874632465
1549545090914632465
1549545090954632465
1549545090994632465
1549545091034632465
1549545091074632465
1549545091114632465
1549545091154632465
1549545091194632465
1549545091234632465
1549545091274632465
1549545091314632465
1549545091354632465
1549545091394632465
1549545091434632465
1549545091474632465
1549545091514632465
1549545091554632465
1549545091594632465
1549545091634632465
1549545091674632465
1549545091714632465
1549545091754632465
1549545091794632465
1549545091834632465
1549545091874632465
1549545091914632465
1549545091954632465
1549545091994632465
1549545092034632465
1549545092074632465
1549545092114632465
1549545092154632465
1549545092194632465
1549545092234632465
1549545092274632465
1549545092314632465
1549545092354632465
1549545092394632465
1549545092434632465
1549545092474632465
1549545092514632465
1549545092554632465
1549545092594632465
1549545092634632465
1549545092674632465
1549545092714632465
1549545092754632465
1549545092794632465
1549545092834632465
1549545092874632465
1549545092914632465
1549545092954632465
1549545092994632465
1549545093034632465
1549545093074632465
1549545093114632465
1549545093154632465
1549545093194632465
1549545093234632465
1549545093274632465
1549545093314632465
1549545093354632465
1549545093394632465
1549545093434632465
1549545093474632465
1549545093514632465
1549545093554632465
1549545093594632465
1549545093634632465
1549545093674632465
1549545093714632465
1549545093754632465
1549545093794632465
1549545093834632465
1549545093874632465
1549545093914632465
1549545093954632465
1549545093994632465
1549545094034632465
1549545094074632465
1549545094114632465
1549545094154632465
1549545094194632465
1549545094234632465
1549545094274632465
1549545094314632465
1549545094354632465
1549545094394632465
1549545094434632465
1549545094474632465
1549545094514632465
1549545094554632465
1549545094594632465
1549545094634632465
1549545094674632465
1549545094714632465
1549545094754632465
1549545094794632465
1549545094834632465
1549545094874632465
1549545094914632465
1549545094954632465
1549545094994632465
1549545095034632465
1549545095074632465
1549545095114632465
1549545095154632465
1549545095194632465
1549545095234632465
1549545095274632465
1549545095314632465
1549545095354632465
1549545095394632465
1549545095434632465
1549545095474632465
1549545095514632465
1549545095554632465
1549545095594632465
1549545095634632465
1549545095674632465
1549545095714632465
1549545095754632465
1549545095794632465
1549545095834632465
1549545095874632465
1549545095914632465
1549545095954632465
1549545095994632465
1549545096034632465
1549545096074632465
1549545096114632465
1549545096154632465
1549545096194632465
1549545096234632465
1549545096274632465
1549545096314632465
1549545096354632465
1549545096394632465
1549545096434632465
1549545096474632465
1549545096514632465
1549545096554632465
1549545096594632465
1549545096634632465
1549545096674632465
1549545096714632465
1549545096754632465
1549545096794632465
1549545096834632465
1549545096874632465
1549545096914632465
1549545096954632465
1549545096994632465
1549545097034632465
1549545097074632465
1549545097114632465
1549545097154632465
1549545097194632465
1549545097234632465
1549545097274632465
1549545097314632465
1549545097354632465
1549545097394632465
1549545097434632465
1549545097474632465
1549545097514632465
1549545097554632465
1549545097594632465
1549545097634632465
1549545097674632465
1549545097714632465
1549545097754632465
1549545097794632465
1549545097834632465
1549545097874632465
1549545097914632465
1549545097954632465
1549545097994632465
1549545098034632465
1549545098074632465
1549545098114632465
1549545098154632465
1549545098194632465
1549545098234632465
1549545098274632465
1549545098314632465
1549545098354632465
1549545098394632465
1549545098434632465
1549545098474632465
1549545098514632465
1549545098554632465
1549545098594632465
1549545098634632465
1549545098674632465
1549545098714632465
1549545098754632465
1549545098794632465
1549545098834632465
1549545098874632465
1549545098914632465
1549545098954632465
1549545098994632465
1549545099034632465
1549545099074632465
1549545099114632465
1549545099154632465
1549545099194632465
1549545099234632465
1549545099274632465
1549545099314632465
1549545099354632465
1549545099394632465
1549545099434632465
1549545099474632465
1549545099514632465
1549545099554632465
1549545099594632465
1549545099634632465
1549545099674632465
1549545099714632465
1549545099754632465
1549545099794632465
1549545099834632465
1549545099874632465
1549545099914632465
1549545099954632465
1549545099994632465
1549545100034632465
1549545100074632465
1549545100114632465
1549545100154632465
1549545100194632465
1549545100234632465
1549545100274632465
1549545100314632465
1549545100354632465
1549545100394632465
1549545100434632465
1549545100474632465
1549545100514632465
1549545100554632465
1549545100594632465
1549545100634632465
1549545100674632465
1549545100714632465
1549545100754632465
1549545100794632465
1549545100834632465
1549545100874632465
1549545100914632465
1549545100954632465
1549545100994632465
1549545101034632465
1549545101074632465
1549545101114632465
1549545101154632465
1549545101194632465
1549545101234632465
1549545101274632465
1549545101314632465
1549545101354632465
1549545101394632465
1549545101434632465
1549545101474632465
1549545101514632465
1549545101554632465
1549545101594632465
1549545101634632465
1549545101674632465
1549545101714632465
1549545101754632465
1549545101794632465
1549545101834632465
1549545101874632465
1549545101914632465
1549545101954632465
1549545101994632465
1549545102034632465
1549545102074632465
1549545102114632465
1549545102154632465
1549545102194632465
1549545102234632465
1549545102274632465
1549545102314632465
1549545102354632465
1549545102394632465
1549545102434632465
1549545102474632465
1549545102514632465
1549545102554632465
1549545102594632465
1549545102634632465
1549545102674632465
1549545102714632465
1549545102754632465
1549545102794632465
1549545102834632465
1549545102874632465
1549545102914632465
1549545102954632465
1549545102994632465
1549545103034632465
1549545103074632465
1549545103114632465
1549545103154632465
1549545103194632465
1549545103234632465
1549545103274632465
1549545103314632465
1549545103354632465
1549545103394632465
1549545103434632465
1549545103474632465
1549545103514632465
1549545103554632465
1549545103594632465
1549545103634632465
1549545103674632465
1549545103714632465
1549545103754632465
1549545103794632465
1549545103834632465
1549545103874632465
1549545103914632465
1549545103954632465
1549545103994632465
1549545104034632465
1549545104074632465
1549545104114632465
1549545104154632465
1549545104194632465
1549545104234632465
1549545104274632465
1549545104314632465
1549545104354632465
1549545104394632465
1549545104434632465
1549545104474632465
1549545104514632465
1549545104554632465
1549545104594632465
1549545104634632465
1549545104674632465
1549545104714632465
1549545104754632465
1549545104794632465
1549545104834632465
1549545104874632465
1549545104914632465
1549545104954632465
1549545104994632465
1549545105034632465
1549545105074632465
1549545105114632465
1549545105154632465
1549545105194632465
1549545105234632465
1549545105274632465
1549545105314632465
1549545105354632465
1549545105394632465
1549545105434632465
1549545105474632465
1549545105514632465
1549545105554632465
1549545105594632465
1549545105634632465
1549545105674632465
1549545105714632465
1549545105754632465
1549545105794632465
1549545105834632465
1549545105874632465
1549545105914632465
1549545105954632465
1549545105994632465
1549545106034632465
1549545106074632465
1549545106114632465
1549545106154632465
1549545106194632465
1549545106234632465
1549545106274632465
1549545106314632465
1549545106354632465
1549545106394632465
1549545106434632465
1549545106474632465
1549545106514632465
1549545106554632465
1549545106594632465
1549545106634632465
1549545106674632465
1549545106714632465
1549545106754632465
1549545106794632465
1549545106834632465
1549545106874632465
1549545106914632465
1549545106954632465
1549545106994632465
1549545107034632465
1549545107074632465
1549545107114632465
1549545107154632465
1549545107194632465
1549545107234632465
1549545107274632465
1549545107314632465
1549545107354632465
1549545107394632465
1549545107434632465
1549545107474632465
1549545107514632465
1549545107554632465
1549545107594632465
1549545107634632465
1549545107674632465
1549545107714632465
1549545107754632465
1549545107794632465
1549545107834632465
1549545107874632465
1549545107914632465
1549545107954632465
1549545107994632465
1549545108034632465
1549545108074632465
1549545108114632465
1549545108154632465
1549545108194632465
1549545108234632465
1549545108274632465
1549545108314632465
1549545108354632465
1549545108394632465
1549545108434632465
1549545108474632465
1549545108514632465
1549545108554632465
1549545108594632465
1549545108634632465
1549545108674632465
1549545108714632465
1549545108754632465
1549545108794632465
1549545108834632465
1549545108874632465
1549545108914632465
1549545108954632465
1549545108994632465
1549545109034632465
1549545109074632465
1549545109114632465
1549545109154632465
1549545109194632465
1549545109234632465
1549545109274632465
1549545109314632465
1549545109354632465
1549545109394632465
1549545109434632465
1549545109474632465
1549545109514632465
1549545109554632465
1549545109594632465
1549545109634632465
1549545109674632465
1549545109714632465
1549545109754632465
1549545109794632465
1549545109834632465
1549545109874632465
1549545109914632465
1549545109954632465
1549545109994632465
1549545110034632465
1549545110074632465
1549545110114632465
1549545110154632465
1549545110194632465
1549545110234632465
1549545110274632465
1549545110314632465
1549545110354632465
1549545110394632465
1549545110434632465
1549545110474632465
1549545110514632465
1549545110554632465
1549545110594632465
1549545110634632465
1549545110674632465
1549545110714632465
1549545110754632465
1549545110794632465
1549545110834632465
1549545110874632465
1549545110914632465
1549545110954632465
1549545110994632465
1549545111034632465
1549545111074632465
1549545111114632465
1549545111154632465
1549545111194632465
1549545111234632465
1549545111274632465
1549545111314632465
1549545111354632465
1549545111394632465
1549545111434632465
1549545111474632465
1549545111514632465
1549545111554632465
1549545111594632465
1549545111634632465
1549545111674632465
1549545111714632465
1549545111754632465
1549545111794632465
1549545111834632465
1549545111874632465
1549545111914632465
1549545111954632465
1549545111994632465
1549545112034632465
1549545112074632465
1549545112114632465
1549545112154632465
1549545112194632465
1549545112234632465
1549545112274632465
1549545112314632465
1549545112354632465
1549545112394632465
1549545112434632465
1549545112474632465
1549545112514632465
1549545112554632465
1549545112594632465
1549545112634632465
1549545112674632465
1549545112714632465
1549545112754632465
1549545112794632465
1549545112834632465
1549545112874632465
1549545112914632465
1549545112954632465
1549545112994632465
1549545113034632465
1549545113074632465
1549545113114632465
1549545113154632465
1549545113194632465
1549545113234632465
1549545113274632465
1549545113314632465
1549545113354632465
1549545113394632465
1549545113434632465
1549545113474632465
1549545113514632465
1549545113554632465
1549545113594632465
1549545113634632465
1549545113674632465
1549545113714632465
1549545113754632465
1549545113794632465
1549545113834632465
1549545113874632465
1549545113914632465
1549545113954632465
1549545113994632465
1549545114034632465
1549545114074632465
1549545114114632465
1549545114154632465
1549545114194632465
1549545114234632465
1549545114274632465
1549545114314632465
1549545114354632465
1549545114394632465
1549545114434632465
1549545114474632465
1549545114514632465
1549545114554632465
1549545114594632465
1549545114634632465
1549545114674632465
1549545114714632465
1549545114754632465
1549545114794632465
1549545114834632465
1549545114874632465
1549545114914632465
1549545114954632465
1549545114994632465
1549545115034632465
1549545115074632465
1549545115114632465
1549545115154632465
1549545115194632465
1549545115234632465
1549545115274632465
1549545115314632465
1549545115354632465
1549545115394632465
1549545115434632465
1549545115474632465
1549545115514632465
1549545115554632465
1549545115594632465
1549545115634632465
1549545115674632465
1549545115714632465
1549545115754632465
1549545115794632465
1549545115834632465
1549545115874632465
1549545115914632465
1549545115954632465
1549545115994632465
1549545116034632465
1549545116074632465
1549545116114632465
1549545116154632465
1549545116194632465
1549545116234632465
1549545116274632465
1549545116314632465
1549545116354632465
1549545116394632465
1549545116434632465
1549545116474632465
1549545116514632465
1549545116554632465
1549545116594632465
1549545116634632465
1549545116674632465
1549545116714632465
1549545116754632465
1549545116794632465
1549545116834632465
1549545116874632465
1549545116914632465
1549545116954632465
1549545116994632465
1549545117034632465
1549545117074632465
1549545117114632465
1549545117154632465
1549545117194632465
1549545117234632465
1549545117274632465
1549545117314632465
1549545117354632465
1549545117394632465
1549545117434632465
1549545117474632465
1549545117514632465
1549545117554632465
1549545117594632465
1549545117634632465
1549545117674632465
1549545117714632465
1549545117754632465
1549545117794632465
1549545117834632465
1549545117874632465
1549545117914632465
1549545117954632465
1549545117994632465
1549545118034632465
1549545118074632465
1549545118114632465
1549545118154632465
1549545118194632465
1549545118234632465
1549545118274632465
1549545118314632465
1549545118354632465
1549545118394632465
1549545118434632465
1549545118474632465
1549545118514632465
1549545118554632465
1549545118594632465
1549545118634632465
1549545118674632465
1549545118714632465
1549545118754632465
1549545118794632465
1549545118834632465
1549545118874632465
1549545118914632465
1549545118954632465
1549545118994632465
1549545119034632465
1549545119074632465
1549545119114632465
1549545119154632465
1549545119194632465
1549545119234632465
1549545119274632465
1549545119314632465
1549545119354632465
1549545119394632465
1549545119434632465
1549545119474632465
1549545119514632465
1549545119554632465
1549545119594632465
1549545119634632465
1549545119674632465
1549545119714632465
1549545119754632465
1549545119794632465
1549545119834632465
1549545119874632465
1549545119914632465
1549545119954632465
1549545119994632465
1549545120034632465
1549545120074632465
1549545120114632465
1549545120154632465
1549545120194632465
1549545120234632465
1549545120274632465
1549545120314632465
1549545120354632465
1549545120394632465
1549545120434632465
1549545120474632465
1549545120514632465
1549545120554632465
1549545120594632465
1549545120634632465
1549545120674632465
1549545120714632465
1549545120754632465
1549545120794632465
1549545120834632465
1549545120874632465
1549545120914632465
1549545120954632465
1549545120994632465
1549545121034632465
1549545121074632465
1549545121114632465
1549545121154632465
1549545121194632465
1549545121234632465
1549545121274632465
1549545121314632465
1549545121354632465
1549545121394632465
1549545121434632465
1549545121474632465
1549545121514632465
1549545121554632465
1549545121594632465
1549545121634632465
1549545121674632465
1549545121714632465
1549545121754632465
1549545121794632465
1549545121834632465
1549545121874632465
1549545121914632465
1549545121954632465
1549545121994632465
1549545122034632465
1549545122074632465
1549545122114632465
1549545122154632465
1549545122194632465
1549545122234632465
1549545122274632465
1549545122314632465
1549545122354632465
1549545122394632465
1549545122434632465
1549545122474632465
1549545122514632465
1549545122554632465
1549545122594632465
1549545122634632465
1549545122674632465
1549545122714632465
1549545122754632465
1549545122794632465
1549545122834632465
1549545122874632465
1549545122914632465
1549545122954632465

