1549543477916381117
1549543477956381117
1549543477996381117
1549543478036381117
1549543478076381117
1549543478116381117
1549543478156381117
1549543478196381117
1549543478236381117
1549543478276381117
1549543478316381117
1549543478356381117
1549543478396381117
1549543478436381117
1549543478476381117
1549543478516381117
1549543478556381117
1549543478596381117
1549543478636381117
1549543478676381117
1549543478716381117
1549543478756381117
1549543478796381117
1549543478836381117
1549543478876381117
1549543478916381117
1549543478956381117
1549543478996381117
1549543479036381117
1549543479076381117
1549543479116381117
1549543479156381117
1549543479196381117
1549543479236381117
1549543479276381117
1549543479316381117
1549543479356381117
1549543479396381117
1549543479436381117
1549543479476381117
1549543479516381117
1549543479556381117
1549543479596381117
1549543479636381117
1549543479676381117
1549543479716381117
1549543479756381117
1549543479796381117
1549543479836381117
1549543479876381117
1549543479916381117
1549543479956381117
1549543479996381117
1549543480036381117
1549543480076381117
1549543480116381117
1549543480156381117
1549543480196381117
1549543480236381117
1549543480276381117
1549543480316381117
1549543480356381117
1549543480396381117
1549543480436381117
1549543480476381117
1549543480516381117
1549543480556381117
1549543480596381117
1549543480636381117
1549543480676381117
1549543480716381117
1549543480756381117
1549543480796381117
1549543480836381117
1549543480876381117
1549543480916381117
1549543480956381117
1549543480996381117
1549543481036381117
1549543481076381117
1549543481116381117
1549543481156381117
1549543481196381117
1549543481236381117
1549543481276381117
1549543481316381117
1549543481356381117
1549543481396381117
1549543481436381117
1549543481476381117
1549543481516381117
1549543481556381117
1549543481596381117
1549543481636381117
1549543481676381117
1549543481716381117
1549543481756381117
1549543481796381117
1549543481836381117
1549543481876381117
1549543481916381117
1549543481956381117
1549543481996381117
1549543482036381117
1549543482076381117
1549543482116381117
1549543482156381117
1549543482196381117
1549543482236381117
1549543482276381117
1549543482316381117
1549543482356381117
1549543482396381117
1549543482436381117
1549543482476381117
1549543482516381117
1549543482556381117
1549543482596381117
1549543482636381117
1549543482676381117
1549543482716381117
1549543482756381117
1549543482796381117
1549543482836381117
1549543482876381117
1549543482916381117
1549543482956381117
1549543482996381117
1549543483036381117
1549543483076381117
1549543483116381117
1549543483156381117
1549543483196381117
1549543483236381117
1549543483276381117
1549543483316381117
1549543483356381117
1549543483396381117
1549543483436381117
1549543483476381117
1549543483516381117
1549543483556381117
1549543483596381117
1549543483636381117
1549543483676381117
1549543483716381117
1549543483756381117
1549543483796381117
1549543483836381117
1549543483876381117
1549543483916381117
1549543483956381117
1549543483996381117
1549543484036381117
1549543484076381117
1549543484116381117
1549543484156381117
1549543484196381117
1549543484236381117
1549543484276381117
1549543484316381117
1549543484356381117
1549543484396381117
1549543484436381117
1549543484476381117
1549543484516381117
1549543484556381117
1549543484596381117
1549543484636381117
1549543484676381117
1549543484716381117
1549543484756381117
1549543484796381117
1549543484836381117
1549543484876381117
1549543484916381117
1549543484956381117
1549543484996381117
1549543485036381117
1549543485076381117
1549543485116381117
1549543485156381117
1549543485196381117
1549543485236381117
1549543485276381117
1549543485316381117
1549543485356381117
1549543485396381117
1549543485436381117
1549543485476381117
1549543485516381117
1549543485556381117
1549543485596381117
1549543485636381117
1549543485676381117
1549543485716381117
1549543485756381117
1549543485796381117
1549543485836381117
1549543485876381117
1549543485916381117
1549543485956381117
1549543485996381117
1549543486036381117
1549543486076381117
1549543486116381117
1549543486156381117
1549543486196381117
1549543486236381117
1549543486276381117
1549543486316381117
1549543486356381117
1549543486396381117
1549543486436381117
1549543486476381117
1549543486516381117
1549543486556381117
1549543486596381117
1549543486636381117
1549543486676381117
1549543486716381117
1549543486756381117
1549543486796381117
1549543486836381117
1549543486876381117
1549543486916381117
1549543486956381117
1549543486996381117
1549543487036381117
1549543487076381117
1549543487116381117
1549543487156381117
1549543487196381117
1549543487236381117
1549543487276381117
1549543487316381117
1549543487356381117
1549543487396381117
1549543487436381117
1549543487476381117
1549543487516381117
1549543487556381117
1549543487596381117
1549543487636381117
1549543487676381117
1549543487716381117
1549543487756381117
1549543487796381117
1549543487836381117
1549543487876381117
1549543487916381117
1549543487956381117
1549543487996381117
1549543488036381117
1549543488076381117
1549543488116381117
1549543488156381117
1549543488196381117
1549543488236381117
1549543488276381117
1549543488316381117
1549543488356381117
1549543488396381117
1549543488436381117
1549543488476381117
1549543488516381117
1549543488556381117
1549543488596381117
1549543488636381117
1549543488676381117
1549543488716381117
1549543488756381117
1549543488796381117
1549543488836381117
1549543488876381117
1549543488916381117
1549543488956381117
1549543488996381117
1549543489036381117
1549543489076381117
1549543489116381117
1549543489156381117
1549543489196381117
1549543489236381117
1549543489276381117
1549543489316381117
1549543489356381117
1549543489396381117
1549543489436381117
1549543489476381117
1549543489516381117
1549543489556381117
1549543489596381117
1549543489636381117
1549543489676381117
1549543489716381117
1549543489756381117
1549543489796381117
1549543489836381117
1549543489876381117
1549543489916381117
1549543489956381117
1549543489996381117
1549543490036381117
1549543490076381117
1549543490116381117
1549543490156381117
1549543490196381117
1549543490236381117
1549543490276381117
1549543490316381117
1549543490356381117
1549543490396381117
1549543490436381117
1549543490476381117
1549543490516381117
1549543490556381117
1549543490596381117
1549543490636381117
1549543490676381117
1549543490716381117
1549543490756381117
1549543490796381117
1549543490836381117
1549543490876381117
1549543490916381117
1549543490956381117
1549543490996381117
1549543491036381117
1549543491076381117
1549543491116381117
1549543491156381117
1549543491196381117
1549543491236381117
1549543491276381117
1549543491316381117
1549543491356381117
1549543491396381117
1549543491436381117
1549543491476381117
1549543491516381117
1549543491556381117
1549543491596381117
1549543491636381117
1549543491676381117
1549543491716381117
1549543491756381117
1549543491796381117
1549543491836381117
1549543491876381117
1549543491916381117
1549543491956381117
1549543491996381117
1549543492036381117
1549543492076381117
1549543492116381117
1549543492156381117
1549543492196381117
1549543492236381117
1549543492276381117
1549543492316381117
1549543492356381117
1549543492396381117
1549543492436381117
1549543492476381117
1549543492516381117
1549543492556381117
1549543492596381117
1549543492636381117
1549543492676381117
1549543492716381117
1549543492756381117
1549543492796381117
1549543492836381117
1549543492876381117
1549543492916381117
1549543492956381117
1549543492996381117
1549543493036381117
1549543493076381117
1549543493116381117
1549543493156381117
1549543493196381117
1549543493236381117
1549543493276381117
1549543493316381117
1549543493356381117
1549543493396381117
1549543493436381117
1549543493476381117
1549543493516381117
1549543493556381117
1549543493596381117
1549543493636381117
1549543493676381117
1549543493716381117
1549543493756381117
1549543493796381117
1549543493836381117
1549543493876381117
1549543493916381117
1549543493956381117
1549543493996381117
1549543494036381117
1549543494076381117
1549543494116381117
1549543494156381117
1549543494196381117
1549543494236381117
1549543494276381117
1549543494316381117
1549543494356381117
1549543494396381117
1549543494436381117
1549543494476381117
1549543494516381117
1549543494556381117
1549543494596381117
1549543494636381117
1549543494676381117
1549543494716381117
1549543494756381117
1549543494796381117
1549543494836381117
1549543494876381117
1549543494916381117
1549543494956381117
1549543494996381117
1549543495036381117
1549543495076381117
1549543495116381117
1549543495156381117
1549543495196381117
1549543495236381117
1549543495276381117
1549543495316381117
1549543495356381117
1549543495396381117
1549543495436381117
1549543495476381117
1549543495516381117
1549543495556381117
1549543495596381117
1549543495636381117
1549543495676381117
1549543495716381117
1549543495756381117
1549543495796381117
1549543495836381117
1549543495876381117
1549543495916381117
1549543495956381117
1549543495996381117
1549543496036381117
1549543496076381117
1549543496116381117
1549543496156381117
1549543496196381117
1549543496236381117
1549543496276381117
1549543496316381117
1549543496356381117
1549543496396381117
1549543496436381117
1549543496476381117
1549543496516381117
1549543496556381117
1549543496596381117
1549543496636381117
1549543496676381117
1549543496716381117
1549543496756381117
1549543496796381117
1549543496836381117
1549543496876381117
1549543496916381117
1549543496956381117
1549543496996381117
1549543497036381117
1549543497076381117
1549543497116381117
1549543497156381117
1549543497196381117
1549543497236381117
1549543497276381117
1549543497316381117
1549543497356381117
1549543497396381117
1549543497436381117
1549543497476381117
1549543497516381117
1549543497556381117
1549543497596381117
1549543497636381117
1549543497676381117
1549543497716381117
1549543497756381117
1549543497796381117
1549543497836381117
1549543497876381117
1549543497916381117
1549543497956381117
1549543497996381117
1549543498036381117
1549543498076381117
1549543498116381117
1549543498156381117
1549543498196381117
1549543498236381117
1549543498276381117
1549543498316381117
1549543498356381117
1549543498396381117
1549543498436381117
1549543498476381117
1549543498516381117
1549543498556381117
1549543498596381117
1549543498636381117
1549543498676381117
1549543498716381117
1549543498756381117
1549543498796381117
1549543498836381117
1549543498876381117
1549543498916381117
1549543498956381117
1549543498996381117
1549543499036381117
1549543499076381117
1549543499116381117
1549543499156381117
1549543499196381117
1549543499236381117
1549543499276381117
1549543499316381117
1549543499356381117
1549543499396381117
1549543499436381117
1549543499476381117
1549543499516381117
1549543499556381117
1549543499596381117
1549543499636381117
1549543499676381117
1549543499716381117
1549543499756381117
1549543499796381117
1549543499836381117
1549543499876381117
1549543499916381117
1549543499956381117
1549543499996381117
1549543500036381117
1549543500076381117
1549543500116381117
1549543500156381117
1549543500196381117
1549543500236381117
1549543500276381117
1549543500316381117
1549543500356381117
1549543500396381117
1549543500436381117
1549543500476381117
1549543500516381117
1549543500556381117
1549543500596381117
1549543500636381117
1549543500676381117
1549543500716381117
1549543500756381117
1549543500796381117
1549543500836381117
1549543500876381117
1549543500916381117
1549543500956381117
1549543500996381117
1549543501036381117
1549543501076381117
1549543501116381117
1549543501156381117
1549543501196381117
1549543501236381117
1549543501276381117
1549543501316381117
1549543501356381117
1549543501396381117
1549543501436381117
1549543501476381117
1549543501516381117
1549543501556381117
1549543501596381117
1549543501636381117
1549543501676381117
1549543501716381117
1549543501756381117
1549543501796381117
1549543501836381117
1549543501876381117
1549543501916381117
1549543501956381117
1549543501996381117
1549543502036381117
1549543502076381117
1549543502116381117
1549543502156381117
1549543502196381117
1549543502236381117
1549543502276381117
1549543502316381117
1549543502356381117
1549543502396381117
1549543502436381117
1549543502476381117
1549543502516381117
1549543502556381117
1549543502596381117
1549543502636381117
1549543502676381117
1549543502716381117
1549543502756381117
1549543502796381117
1549543502836381117
1549543502876381117
1549543502916381117
1549543502956381117
1549543502996381117
1549543503036381117
1549543503076381117
1549543503116381117
1549543503156381117
1549543503196381117
1549543503236381117
1549543503276381117
1549543503316381117
1549543503356381117
1549543503396381117
1549543503436381117
1549543503476381117
1549543503516381117
1549543503556381117
1549543503596381117
1549543503636381117
1549543503676381117
1549543503716381117
1549543503756381117
1549543503796381117
1549543503836381117
1549543503876381117
1549543503916381117
1549543503956381117
1549543503996381117
1549543504036381117
1549543504076381117
1549543504116381117
1549543504156381117
1549543504196381117
1549543504236381117
1549543504276381117
1549543504316381117
1549543504356381117
1549543504396381117
1549543504436381117
1549543504476381117
1549543504516381117
1549543504556381117
1549543504596381117
1549543504636381117
1549543504676381117
1549543504716381117
1549543504756381117
1549543504796381117
1549543504836381117
1549543504876381117
1549543504916381117
1549543504956381117
1549543504996381117
1549543505036381117
1549543505076381117
1549543505116381117
1549543505156381117
1549543505196381117
1549543505236381117
1549543505276381117
1549543505316381117
1549543505356381117
1549543505396381117
1549543505436381117
1549543505476381117
1549543505516381117
1549543505556381117
1549543505596381117
1549543505636381117
1549543505676381117
1549543505716381117
1549543505756381117
1549543505796381117
1549543505836381117
1549543505876381117
1549543505916381117
1549543505956381117
1549543505996381117
1549543506036381117
1549543506076381117
1549543506116381117
1549543506156381117
1549543506196381117
1549543506236381117
1549543506276381117
1549543506316381117
1549543506356381117
1549543506396381117
1549543506436381117
1549543506476381117
1549543506516381117
1549543506556381117
1549543506596381117
1549543506636381117
1549543506676381117
1549543506716381117
1549543506756381117
1549543506796381117
1549543506836381117
1549543506876381117
1549543506916381117
1549543506956381117
1549543506996381117
1549543507036381117
1549543507076381117
1549543507116381117
1549543507156381117
1549543507196381117
1549543507236381117
1549543507276381117
1549543507316381117
1549543507356381117
1549543507396381117
1549543507436381117
1549543507476381117
1549543507516381117
1549543507556381117
1549543507596381117
1549543507636381117
1549543507676381117
1549543507716381117
1549543507756381117
1549543507796381117
1549543507836381117
1549543507876381117
1549543507916381117
1549543507956381117
1549543507996381117
1549543508036381117
1549543508076381117
1549543508116381117
1549543508156381117
1549543508196381117
1549543508236381117
1549543508276381117
1549543508316381117
1549543508356381117
1549543508396381117
1549543508436381117
1549543508476381117
1549543508516381117
1549543508556381117
1549543508596381117
1549543508636381117
1549543508676381117
1549543508716381117
1549543508756381117
1549543508796381117
1549543508836381117
1549543508876381117
1549543508916381117
1549543508956381117
1549543508996381117
1549543509036381117
1549543509076381117
1549543509116381117
1549543509156381117
1549543509196381117
1549543509236381117
1549543509276381117
1549543509316381117
1549543509356381117
1549543509396381117
1549543509436381117
1549543509476381117
1549543509516381117
1549543509556381117
1549543509596381117
1549543509636381117
1549543509676381117
1549543509716381117
1549543509756381117
1549543509796381117
1549543509836381117
1549543509876381117
1549543509916381117
1549543509956381117
1549543509996381117
1549543510036381117
1549543510076381117
1549543510116381117
1549543510156381117
1549543510196381117
1549543510236381117
1549543510276381117
1549543510316381117
1549543510356381117
1549543510396381117
1549543510436381117
1549543510476381117
1549543510516381117
1549543510556381117
1549543510596381117
1549543510636381117
1549543510676381117
1549543510716381117
1549543510756381117
1549543510796381117
1549543510836381117
1549543510876381117
1549543510916381117
1549543510956381117
1549543510996381117
1549543511036381117
1549543511076381117
1549543511116381117
1549543511156381117
1549543511196381117
1549543511236381117
1549543511276381117
1549543511316381117
1549543511356381117
1549543511396381117
1549543511436381117
1549543511476381117
1549543511516381117
1549543511556381117
1549543511596381117
1549543511636381117
1549543511676381117
1549543511716381117
1549543511756381117
1549543511796381117
1549543511836381117
1549543511876381117
1549543511916381117
1549543511956381117
1549543511996381117
1549543512036381117
1549543512076381117
1549543512116381117
1549543512156381117
1549543512196381117
1549543512236381117
1549543512276381117
1549543512316381117
1549543512356381117
1549543512396381117
1549543512436381117
1549543512476381117
1549543512516381117
1549543512556381117
1549543512596381117
1549543512636381117
1549543512676381117
1549543512716381117
1549543512756381117
1549543512796381117
1549543512836381117
1549543512876381117
1549543512916381117
1549543512956381117
1549543512996381117
1549543513036381117
1549543513076381117
1549543513116381117
1549543513156381117
1549543513196381117
1549543513236381117
1549543513276381117
1549543513316381117
1549543513356381117
1549543513396381117
1549543513436381117
1549543513476381117
1549543513516381117
1549543513556381117
1549543513596381117
1549543513636381117
1549543513676381117
1549543513716381117
1549543513756381117
1549543513796381117
1549543513836381117
1549543513876381117
1549543513916381117
1549543513956381117
1549543513996381117
1549543514036381117
1549543514076381117
1549543514116381117
1549543514156381117
1549543514196381117
1549543514236381117
1549543514276381117
1549543514316381117
1549543514356381117
1549543514396381117
1549543514436381117
1549543514476381117
1549543514516381117
1549543514556381117
1549543514596381117
1549543514636381117
1549543514676381117
1549543514716381117
1549543514756381117
1549543514796381117
1549543514836381117
1549543514876381117
1549543514916381117
1549543514956381117
1549543514996381117
1549543515036381117
1549543515076381117
1549543515116381117
1549543515156381117
1549543515196381117
1549543515236381117
1549543515276381117
1549543515316381117
1549543515356381117
1549543515396381117
1549543515436381117
1549543515476381117
1549543515516381117
1549543515556381117
1549543515596381117
1549543515636381117
1549543515676381117
1549543515716381117
1549543515756381117
1549543515796381117
1549543515836381117
1549543515876381117
1549543515916381117
1549543515956381117
1549543515996381117
1549543516036381117
1549543516076381117
1549543516116381117
1549543516156381117
1549543516196381117
1549543516236381117
1549543516276381117
1549543516316381117
1549543516356381117
1549543516396381117
1549543516436381117
1549543516476381117
1549543516516381117
1549543516556381117
1549543516596381117
1549543516636381117
1549543516676381117
1549543516716381117
1549543516756381117
1549543516796381117
1549543516836381117
1549543516876381117
1549543516916381117
1549543516956381117
1549543516996381117
1549543517036381117
1549543517076381117
1549543517116381117
1549543517156381117
1549543517196381117
1549543517236381117
1549543517276381117
1549543517316381117
1549543517356381117
1549543517396381117
1549543517436381117
1549543517476381117
1549543517516381117
1549543517556381117
1549543517596381117
1549543517636381117
1549543517676381117
1549543517716381117
1549543517756381117
1549543517796381117
1549543517836381117
1549543517876381117
1549543517916381117
1549543517956381117
1549543517996381117
1549543518036381117
1549543518076381117
1549543518116381117
1549543518156381117
1549543518196381117
1549543518236381117
1549543518276381117
1549543518316381117
1549543518356381117
1549543518396381117
1549543518436381117
1549543518476381117
1549543518516381117
1549543518556381117
1549543518596381117
1549543518636381117
1549543518676381117
1549543518716381117
1549543518756381117
1549543518796381117
1549543518836381117
1549543518876381117
1549543518916381117
1549543518956381117
1549543518996381117
1549543519036381117
1549543519076381117
1549543519116381117
1549543519156381117
1549543519196381117
1549543519236381117
1549543519276381117
1549543519316381117
1549543519356381117
1549543519396381117
1549543519436381117
1549543519476381117
1549543519516381117
1549543519556381117
1549543519596381117
1549543519636381117
1549543519676381117
1549543519716381117
1549543519756381117
1549543519796381117
1549543519836381117
1549543519876381117
1549543519916381117
1549543519956381117
1549543519996381117
1549543520036381117
1549543520076381117
1549543520116381117
1549543520156381117
1549543520196381117
1549543520236381117
1549543520276381117
1549543520316381117
1549543520356381117
1549543520396381117
1549543520436381117
1549543520476381117
1549543520516381117
1549543520556381117
1549543520596381117
1549543520636381117
1549543520676381117
1549543520716381117
1549543520756381117
1549543520796381117
1549543520836381117
1549543520876381117
1549543520916381117
1549543520956381117
1549543520996381117
1549543521036381117
1549543521076381117
1549543521116381117
1549543521156381117
1549543521196381117
1549543521236381117
1549543521276381117
1549543521316381117
1549543521356381117
1549543521396381117
1549543521436381117
1549543521476381117
1549543521516381117
1549543521556381117
1549543521596381117
1549543521636381117
1549543521676381117
1549543521716381117
1549543521756381117
1549543521796381117
1549543521836381117
1549543521876381117
1549543521916381117
1549543521956381117
1549543521996381117
1549543522036381117
1549543522076381117
1549543522116381117
1549543522156381117
1549543522196381117
1549543522236381117
1549543522276381117
1549543522316381117
1549543522356381117
1549543522396381117
1549543522436381117
1549543522476381117
1549543522516381117
1549543522556381117
1549543522596381117
1549543522636381117
1549543522676381117
1549543522716381117
1549543522756381117
1549543522796381117
1549543522836381117
1549543522876381117
1549543522916381117
1549543522956381117
1549543522996381117
1549543523036381117
1549543523076381117
1549543523116381117
1549543523156381117
1549543523196381117
1549543523236381117
1549543523276381117
1549543523316381117
1549543523356381117
1549543523396381117
1549543523436381117
1549543523476381117
1549543523516381117
1549543523556381117
1549543523596381117
1549543523636381117
1549543523676381117
1549543523716381117
1549543523756381117
1549543523796381117
1549543523836381117
1549543523876381117
1549543523916381117
1549543523956381117
1549543523996381117
1549543524036381117
1549543524076381117
1549543524116381117
1549543524156381117
1549543524196381117
1549543524236381117
1549543524276381117
1549543524316381117
1549543524356381117
1549543524396381117
1549543524436381117
1549543524476381117
1549543524516381117
1549543524556381117
1549543524596381117
1549543524636381117
1549543524676381117
1549543524716381117
1549543524756381117
1549543524796381117
1549543524836381117
1549543524876381117
1549543524916381117
1549543524956381117
1549543524996381117
1549543525036381117
1549543525076381117
1549543525116381117
1549543525156381117
1549543525196381117
1549543525236381117
1549543525276381117
1549543525316381117
1549543525356381117
1549543525396381117
1549543525436381117
1549543525476381117
1549543525516381117
1549543525556381117
1549543525596381117
1549543525636381117
1549543525676381117
1549543525716381117
1549543525756381117
1549543525796381117
1549543525836381117
1549543525876381117
1549543525916381117
1549543525956381117
1549543525996381117
1549543526036381117
1549543526076381117
1549543526116381117
1549543526156381117
1549543526196381117
1549543526236381117
1549543526276381117
1549543526316381117
1549543526356381117
1549543526396381117
1549543526436381117
1549543526476381117
1549543526516381117
1549543526556381117
1549543526596381117
1549543526636381117
1549543526676381117
1549543526716381117
1549543526756381117
1549543526796381117
1549543526836381117
1549543526876381117
1549543526916381117
1549543526956381117
1549543526996381117
1549543527036381117
1549543527076381117
1549543527116381117
1549543527156381117
1549543527196381117
1549543527236381117
1549543527276381117
1549543527316381117
1549543527356381117
1549543527396381117
1549543527436381117
1549543527476381117
1549543527516381117
1549543527556381117
1549543527596381117
1549543527636381117
1549543527676381117
1549543527716381117
1549543527756381117
1549543527796381117
1549543527836381117
1549543527876381117
1549543527916381117
1549543527956381117
1549543527996381117
1549543528036381117
1549543528076381117
1549543528116381117
1549543528156381117
1549543528196381117
1549543528236381117
1549543528276381117
1549543528316381117
1549543528356381117
1549543528396381117
1549543528436381117
1549543528476381117
1549543528516381117
1549543528556381117
1549543528596381117
1549543528636381117
1549543528676381117
1549543528716381117
1549543528756381117
1549543528796381117
1549543528836381117
1549543528876381117
1549543528916381117
1549543528956381117
1549543528996381117
1549543529036381117
1549543529076381117
1549543529116381117
1549543529156381117
1549543529196381117
1549543529236381117
1549543529276381117
1549543529316381117
1549543529356381117
1549543529396381117
1549543529436381117
1549543529476381117
1549543529516381117
1549543529556381117
1549543529596381117
1549543529636381117
1549543529676381117
1549543529716381117
1549543529756381117
1549543529796381117
1549543529836381117
1549543529876381117
1549543529916381117
1549543529956381117
1549543529996381117
1549543530036381117
1549543530076381117
1549543530116381117
1549543530156381117
1549543530196381117
1549543530236381117
1549543530276381117
1549543530316381117
1549543530356381117
1549543530396381117
1549543530436381117
1549543530476381117
1549543530516381117
1549543530556381117
1549543530596381117
1549543530636381117
1549543530676381117
1549543530716381117
1549543530756381117
1549543530796381117
1549543530836381117
1549543530876381117
1549543530916381117
1549543530956381117
1549543530996381117
1549543531036381117
1549543531076381117
1549543531116381117
1549543531156381117
1549543531196381117
1549543531236381117
1549543531276381117
1549543531316381117
1549543531356381117
1549543531396381117
1549543531436381117
1549543531476381117
1549543531516381117
1549543531556381117
1549543531596381117
1549543531636381117
1549543531676381117
1549543531716381117
1549543531756381117
1549543531796381117
1549543531836381117
1549543531876381117
1549543531916381117
1549543531956381117
1549543531996381117
1549543532036381117
1549543532076381117
1549543532116381117
1549543532156381117
1549543532196381117
1549543532236381117
1549543532276381117
1549543532316381117
1549543532356381117
1549543532396381117
1549543532436381117
1549543532476381117
1549543532516381117
1549543532556381117
1549543532596381117
1549543532636381117
1549543532676381117
1549543532716381117
1549543532756381117
1549543532796381117
1549543532836381117
1549543532876381117
1549543532916381117
1549543532956381117
1549543532996381117
1549543533036381117
1549543533076381117
1549543533116381117
1549543533156381117
1549543533196381117
1549543533236381117
1549543533276381117
1549543533316381117
1549543533356381117
1549543533396381117
1549543533436381117
1549543533476381117
1549543533516381117
1549543533556381117
1549543533596381117
1549543533636381117
1549543533676381117
1549543533716381117
1549543533756381117
1549543533796381117
1549543533836381117
1549543533876381117
1549543533916381117
1549543533956381117
1549543533996381117
1549543534036381117
1549543534076381117
1549543534116381117
1549543534156381117
1549543534196381117
1549543534236381117
1549543534276381117
1549543534316381117
1549543534356381117
1549543534396381117
1549543534436381117
1549543534476381117
1549543534516381117
1549543534556381117
1549543534596381117
1549543534636381117
1549543534676381117
1549543534716381117
1549543534756381117
1549543534796381117
1549543534836381117
1549543534876381117
1549543534916381117
1549543534956381117
1549543534996381117
1549543535036381117
1549543535076381117
1549543535116381117
1549543535156381117
1549543535196381117
1549543535236381117
1549543535276381117
1549543535316381117
1549543535356381117
1549543535396381117
1549543535436381117
1549543535476381117
1549543535516381117
1549543535556381117
1549543535596381117
1549543535636381117
1549543535676381117
1549543535716381117
1549543535756381117
1549543535796381117
1549543535836381117
1549543535876381117
1549543535916381117
1549543535956381117
1549543535996381117
1549543536036381117
1549543536076381117
1549543536116381117
1549543536156381117
1549543536196381117
1549543536236381117
1549543536276381117
1549543536316381117
1549543536356381117
1549543536396381117
1549543536436381117
1549543536476381117
1549543536516381117
1549543536556381117
1549543536596381117
1549543536636381117
1549543536676381117
1549543536716381117
1549543536756381117
1549543536796381117
1549543536836381117
1549543536876381117
1549543536916381117
1549543536956381117
1549543536996381117
1549543537036381117
1549543537076381117
1549543537116381117
1549543537156381117
1549543537196381117
1549543537236381117
1549543537276381117
1549543537316381117
1549543537356381117
1549543537396381117
1549543537436381117
1549543537476381117
1549543537516381117
1549543537556381117
1549543537596381117
1549543537636381117
1549543537676381117
1549543537716381117
1549543537756381117
1549543537796381117
1549543537836381117
1549543537876381117
1549543537916381117
1549543537956381117
1549543537996381117
1549543538036381117
1549543538076381117
1549543538116381117
1549543538156381117
1549543538196381117
1549543538236381117
1549543538276381117
1549543538316381117
1549543538356381117
1549543538396381117
1549543538436381117
1549543538476381117
1549543538516381117
1549543538556381117
1549543538596381117
1549543538636381117
1549543538676381117
1549543538716381117
1549543538756381117
1549543538796381117
1549543538836381117
1549543538876381117
1549543538916381117
1549543538956381117
1549543538996381117
1549543539036381117
1549543539076381117
1549543539116381117
1549543539156381117
1549543539196381117
1549543539236381117
1549543539276381117
1549543539316381117
1549543539356381117
1549543539396381117
1549543539436381117
1549543539476381117
1549543539516381117
1549543539556381117
1549543539596381117
1549543539636381117
1549543539676381117
1549543539716381117
1549543539756381117
1549543539796381117
1549543539836381117
1549543539876381117
1549543539916381117
1549543539956381117
1549543539996381117
1549543540036381117
1549543540076381117
1549543540116381117
1549543540156381117
1549543540196381117
1549543540236381117
1549543540276381117
1549543540316381117
1549543540356381117
1549543540396381117
1549543540436381117
1549543540476381117
1549543540516381117
1549543540556381117
1549543540596381117
1549543540636381117
1549543540676381117
1549543540716381117
1549543540756381117
1549543540796381117
1549543540836381117
1549543540876381117
1549543540916381117
1549543540956381117
1549543540996381117
1549543541036381117
1549543541076381117
1549543541116381117
1549543541156381117
1549543541196381117
1549543541236381117
1549543541276381117
1549543541316381117
1549543541356381117
1549543541396381117
1549543541436381117
1549543541476381117
1549543541516381117
1549543541556381117
1549543541596381117
1549543541636381117
1549543541676381117
1549543541716381117
1549543541756381117
1549543541796381117
1549543541836381117
1549543541876381117
1549543541916381117
1549543541956381117
1549543541996381117
1549543542036381117
1549543542076381117
1549543542116381117
1549543542156381117
1549543542196381117
1549543542236381117
1549543542276381117
1549543542316381117
1549543542356381117
1549543542396381117
1549543542436381117
1549543542476381117
1549543542516381117
1549543542556381117
1549543542596381117
1549543542636381117
1549543542676381117
1549543542716381117
1549543542756381117
1549543542796381117
1549543542836381117
1549543542876381117
1549543542916381117
1549543542956381117
1549543542996381117
1549543543036381117
1549543543076381117
1549543543116381117
1549543543156381117
1549543543196381117
1549543543236381117
1549543543276381117
1549543543316381117
1549543543356381117
1549543543396381117
1549543543436381117
1549543543476381117
1549543543516381117
1549543543556381117
1549543543596381117
1549543543636381117
1549543543676381117
1549543543716381117
1549543543756381117

